26	10	0
TAWH252
TAWH111
TAWH7
TAWH240
TAWH104
TAWH269
TAWH191
TAWH33
TAWH138
TAWH84
1925	148	156	266	266	240	244	0	0	0	0	343	343	101	101	244	248	211	211	248	248
2458	152	152	266	266	240	244	213	221	140	140	343	343	101	101	248	260	211	211	248	268
2476	152	156	266	274	244	244	213	221	140	148	335	339	101	101	244	248	211	211	248	248
2478	152	152	266	274	244	244	213	221	140	168	339	343	101	101	248	260	211	211	240	248
1923	148	148	266	266	232	236	213	213	140	152	339	339	101	101	248	260	211	211	248	248
1929	0	0	0	0	240	244	0	0	0	0	343	343	101	101	240	240	0	0	0	0
1930	148	148	266	266	232	244	213	213	140	152	335	339	101	101	248	260	211	211	248	264
1931	148	152	266	266	232	236	213	213	140	152	335	339	101	101	248	248	211	211	264	268
1932	148	148	266	266	232	236	213	213	148	152	335	335	101	101	248	260	211	211	248	268
1927	156	156	0	0	240	240	213	213	152	152	339	339	101	101	260	260	211	211	248	268
1928	156	156	266	266	240	240	213	213	152	152	335	339	101	101	260	260	211	211	248	248
1938	156	156	266	274	236	240	213	213	140	152	331	331	101	101	260	260	211	211	248	248
1671	156	156	0	0	236	244	213	213	140	152	335	339	101	101	240	260	0	0	0	0
1672	152	156	266	266	232	232	213	213	152	152	331	335	101	101	260	264	211	211	248	248
1673	156	156	0	0	244	244	0	0	156	156	335	339	101	101	240	260	0	0	248	248
1675	156	156	0	0	244	244	0	0	152	152	0	0	101	101	248	260	0	0	0	0
1934	160	160	0	0	240	244	213	213	140	152	335	335	101	101	244	248	211	211	248	264
1935	148	160	266	266	240	244	0	0	140	152	331	343	101	101	240	244	211	211	248	264
1942	152	160	266	266	240	240	0	0	152	152	335	335	101	101	248	260	211	211	248	248
1937	148	160	266	266	240	244	213	213	152	152	335	343	101	101	260	260	211	211	248	264
1945	160	160	266	266	232	240	213	221	152	152	339	339	101	101	244	248	211	211	248	248
2579	160	160	266	266	240	244	213	221	152	152	331	331	101	101	244	248	211	211	248	248
2603	160	160	266	266	232	244	213	221	152	156	335	339	101	101	244	248	211	211	248	248
2607	152	160	266	266	232	240	213	213	140	152	331	339	101	101	244	248	211	211	248	248
2609	156	160	266	266	232	240	213	213	140	152	331	331	101	101	244	248	0	0	0	0
2610	152	152	266	270	240	240	213	221	152	152	331	331	101	101	244	248	211	211	248	248    